6.384078559748227 Test loss (%)
98.4512209892273 Test accuracy (%)

98.23621038402598 Kappa accuracy (%)
98.45121951219512 Overall accuracy (%)
99.00760433399766 Average accuracy (%)

                              precision    recall  f1-score   support

                     Alfalfa       1.00      1.00      1.00        37
                 Corn-notill       0.99      0.98      0.98      1143
                Corn-mintill       0.99      0.98      0.98       664
                        Corn       0.96      1.00      0.98       190
               Grass-pasture       0.98      1.00      0.99       386
                 Grass-trees       0.98      0.98      0.98       584
         Grass-pasture-mowed       1.00      1.00      1.00        22
               Hay-windrowed       1.00      1.00      1.00       382
                        Oats       0.80      1.00      0.89        16
              Soybean-notill       0.97      1.00      0.98       778
             Soybean-mintill       0.99      0.97      0.98      1964
               Soybean-clean       0.98      0.96      0.97       475
                       Wheat       1.00      1.00      1.00       164
                       Woods       0.98      1.00      0.99      1012
Buildings-Grass-Trees-Drives       0.98      1.00      0.99       309
          Stone-Steel-Towers       0.89      0.97      0.93        74

                    accuracy                           0.98      8200
                   macro avg       0.97      0.99      0.98      8200
                weighted avg       0.98      0.98      0.98      8200

[[  37    0    0    0    0    0    0    0    0    0    0    0    0    0
     0    0]
 [   0 1118    0    0    0    0    0    0    0    9   10    0    0    4
     2    0]
 [   0    0  648    5    6    0    0    0    4    0    0    1    0    0
     0    0]
 [   0    0    0  190    0    0    0    0    0    0    0    0    0    0
     0    0]
 [   0    0    0    0  386    0    0    0    0    0    0    0    0    0
     0    0]
 [   0    3    0    0    0  575    0    0    0    0    0    6    0    0
     0    0]
 [   0    0    0    0    0    0   22    0    0    0    0    0    0    0
     0    0]
 [   0    0    0    0    0    0    0  382    0    0    0    0    0    0
     0    0]
 [   0    0    0    0    0    0    0    0   16    0    0    0    0    0
     0    0]
 [   0    2    0    0    0    0    0    0    0  775    0    0    0    0
     1    0]
 [   0    9    0    0    1   11    0    0    0   16 1910    0    0   15
     2    0]
 [   0    0    6    2    0    0    0    0    0    0    0  458    0    0
     0    9]
 [   0    0    0    0    0    0    0    0    0    0    0    0  164    0
     0    0]
 [   0    0    0    0    0    0    0    0    0    0    0    0    0 1012
     0    0]
 [   0    0    0    0    0    0    0    0    0    0    0    0    0    1
   308    0]
 [   0    0    0    0    0    0    0    0    0    0    0    2    0    0
     0   72]]