2.0343075008899216 Test loss (%)
99.48431849479675 Test accuracy (%)

99.41207605418269 Kappa accuracy (%)
99.48432055749129 Overall accuracy (%)
99.5254497117032 Average accuracy (%)

                              precision    recall  f1-score   support

                     Alfalfa       1.00      1.00      1.00        32
                 Corn-notill       1.00      0.99      1.00      1000
                Corn-mintill       0.98      0.99      0.99       581
                        Corn       1.00      0.99      1.00       166
               Grass-pasture       1.00      1.00      1.00       338
                 Grass-trees       0.98      1.00      0.99       511
         Grass-pasture-mowed       1.00      1.00      1.00        20
               Hay-windrowed       1.00      1.00      1.00       335
                        Oats       1.00      1.00      1.00        14
              Soybean-notill       1.00      1.00      1.00       680
             Soybean-mintill       0.99      0.99      0.99      1719
               Soybean-clean       1.00      0.98      0.99       415
                       Wheat       1.00      0.99      1.00       143
                       Woods       1.00      1.00      1.00       886
Buildings-Grass-Trees-Drives       0.99      1.00      0.99       270
          Stone-Steel-Towers       1.00      0.98      0.99        65

                    accuracy                           0.99      7175
                   macro avg       1.00      1.00      1.00      7175
                weighted avg       0.99      0.99      0.99      7175

[[  32    0    0    0    0    0    0    0    0    0    0    0    0    0
     0    0]
 [   0  993    0    0    0    0    0    0    0    1    4    0    0    0
     2    0]
 [   0    0  577    0    0    0    0    0    0    0    4    0    0    0
     0    0]
 [   0    0    0  165    0    0    0    0    0    0    1    0    0    0
     0    0]
 [   0    0    0    0  338    0    0    0    0    0    0    0    0    0
     0    0]
 [   0    0    0    0    0  511    0    0    0    0    0    0    0    0
     0    0]
 [   0    0    0    0    0    0   20    0    0    0    0    0    0    0
     0    0]
 [   0    0    0    0    0    0    0  335    0    0    0    0    0    0
     0    0]
 [   0    0    0    0    0    0    0    0   14    0    0    0    0    0
     0    0]
 [   0    0    0    0    0    0    0    0    0  679    1    0    0    0
     0    0]
 [   0    2    0    0    0    8    0    0    0    0 1709    0    0    0
     0    0]
 [   0    0   10    0    0    0    0    0    0    0    0  405    0    0
     0    0]
 [   0    0    0    0    0    0    0    0    0    0    1    0  142    0
     0    0]
 [   0    0    0    0    0    0    0    0    0    0    0    0    0  884
     2    0]
 [   0    0    0    0    0    0    0    0    0    0    0    0    0    0
   270    0]
 [   0    0    0    0    0    0    0    0    0    0    0    1    0    0
     0   64]]